Relative error for cos, test started with input 4.780000209808349609375 ended at 7.780000209808349609375 with a step of 0.014999999664723873138427734375
input(i)	GPU		CPU		relativeErr
4.7800002098	0.0000000000	0.0675597296	1.0000000000
4.7950000763	0.0666666701	0.0825171634	0.1920872294
4.8099999428	0.0823529437	0.0974560316	0.1549733523
4.8249998093	0.0980392247	0.1123729730	0.1275551220
4.8399996758	0.1098039299	0.1272646314	0.1371999534
4.8549995422	0.1254902035	0.1421276563	0.1170599252
4.8699994087	0.1411764771	0.1569587037	0.1005501843
4.8849992752	0.1568627506	0.1717544366	0.0867033553
4.8999991417	0.1725490242	0.1865115262	0.0748613356
4.9149990082	0.1843137294	0.2012266522	0.0840491188
4.9299988747	0.2000000179	0.2158965039	0.0736301224
4.9449987411	0.2156862915	0.2305177806	0.0643398923
4.9599986076	0.2313725650	0.2450871928	0.0559581576
4.9749984741	0.2431372702	0.2596014623	0.0634210300
4.9899983406	0.2588235438	0.2740573237	0.0555861077
5.0049982071	0.2745098174	0.2884515244	0.0483329289
5.0199980736	0.2862745225	0.3027808259	0.0545156824
5.0349979401	0.3019607961	0.3170420042	0.0475684857
5.0499978065	0.3176470697	0.3312318506	0.0410129065
5.0649976730	0.3294117749	0.3453471726	0.0461431250
5.0799975395	0.3450980484	0.3593847943	0.0397533399
5.0949974060	0.3568627536	0.3733415574	0.0441386808
5.1099972725	0.3725490272	0.3872143218	0.0378738434
5.1249971390	0.3882353306	0.4009999661	0.0318320114
5.1399970055	0.4000000358	0.4146953887	0.0354364994
5.1549968719	0.4156863093	0.4282975082	0.0294449503
5.1699967384	0.4274510145	0.4418032643	0.0324856128
5.1849966049	0.4431372881	0.4552096183	0.0265203760
5.1999964714	0.4549019933	0.4685135539	0.0290526508
5.2149963379	0.4666666985	0.4817120778	0.0312331371
5.2299962044	0.4823529720	0.4948022205	0.0251600497
5.2449960709	0.4941176772	0.5077810367	0.0269079751
5.2599959373	0.5058823824	0.5206456064	0.0283556104
5.2749958038	0.5215686560	0.5333930351	0.0221682293
5.2899956703	0.5333333611	0.5460204547	0.0232355646
5.3049955368	0.5450980663	0.5585250242	0.0240400292
5.3199954033	0.5568627715	0.5709039302	0.0245946086
5.3349952698	0.5725490451	0.5831543875	0.0181861659
5.3499951363	0.5843137503	0.5952736399	0.0184115151
5.3649950027	0.5960784554	0.6072589606	0.0184114288
5.3799948692	0.6078431606	0.6191076530	0.0181947231
5.3949947357	0.6196078658	0.6308170512	0.0177693127
5.4099946022	0.6313725710	0.6423845209	0.0171423027
5.4249944687	0.6431372762	0.6538074593	0.0163200694
5.4399943352	0.6549019814	0.6650832964	0.0153083307
5.4549942017	0.6666666865	0.6762094952	0.0141122074
5.4699940681	0.6784313917	0.6871835524	0.0127362780
5.4849939346	0.6862745285	0.6980029990	0.0168028942
5.4999938011	0.6980392337	0.7086654007	0.0149946181
5.5149936676	0.7098039389	0.7191683585	0.0130211786
5.5299935341	0.7215686440	0.7295095093	0.0108852114
5.5449934006	0.7294117808	0.7396865265	0.0138906757
5.5599932671	0.7411764860	0.7496971203	0.0113654355
5.5749931335	0.7490196228	0.7595390384	0.0138497365
5.5899930000	0.7607843876	0.7692100664	0.0109536773
5.6049928665	0.7686275244	0.7787080286	0.0129451653
5.6199927330	0.7803922296	0.7880307878	0.0096932231
5.6349925995	0.7882353663	0.7971762466	0.0112156882
5.6499924660	0.7960785031	0.8061423472	0.0124839542
5.6649923325	0.8078432083	0.8149270725	0.0086926358
5.6799921989	0.8156863451	0.8235284459	0.0095225622
5.6949920654	0.8235294819	0.8319445322	0.0101149175
5.7099919319	0.8313726187	0.8401734378	0.0104750028
5.7249917984	0.8392157555	0.8482133112	0.0106076569
5.7399916649	0.8470588923	0.8560623437	0.0105172847
5.7549915314	0.8549020290	0.8637187691	0.0102078830
5.7699913979	0.8627451658	0.8711808650	0.0096830630
5.7849912643	0.8705883026	0.8784469523	0.0089460720
5.7999911308	0.8784314394	0.8855153963	0.0079998122
5.8149909973	0.8862745762	0.8923846066	0.0068468577
5.8299908638	0.8941177130	0.8990530377	0.0054894700
5.8449907303	0.8980392814	0.9055191892	0.0082603527
5.8599905968	0.9058824182	0.9117816064	0.0064699575
5.8749904633	0.9137255549	0.9178388802	0.0044815330
5.8899903297	0.9176471233	0.9236896478	0.0065417259
5.9049901962	0.9254902601	0.9293325929	0.0041345077
5.9199900627	0.9294118285	0.9347664457	0.0057282942
5.9349899292	0.9333333969	0.9399899838	0.0070815509
5.9499897957	0.9411765337	0.9450020319	0.0040481376
5.9649896622	0.9450981021	0.9498014623	0.0049519404
5.9799895287	0.9490196705	0.9543871952	0.0056240536
5.9949893951	0.9529412389	0.9587581988	0.0060671814
6.0099892616	0.9607843757	0.9629134897	0.0022111166
6.0249891281	0.9647059441	0.9668521330	0.0022197695
6.0399889946	0.9686275125	0.9705732425	0.0020047225
6.0549888611	0.9725490808	0.9740759810	0.0015675370
6.0699887276	0.9725490808	0.9773595604	0.0049219138
6.0849885941	0.9764706492	0.9804232419	0.0040315167
6.0999884605	0.9803922176	0.9832663363	0.0029230317
6.1149883270	0.9843137860	0.9858882039	0.0015969537
6.1299881935	0.9843137860	0.9882882547	0.0040215682
6.1449880600	0.9882353544	0.9904659488	0.0022520656
6.1599879265	0.9921569228	0.9924207961	0.0002658886
6.1749877930	0.9921569228	0.9941523570	0.0020071714
6.1899876595	0.9960784912	0.9956602418	0.0004200724
6.2049875259	0.9960784912	0.9969441112	0.0008682733
6.2199873924	0.9960784912	0.9980036764	0.0019290361
6.2349872589	0.9960784912	0.9988386989	0.0027634169
6.2499871254	1.0000000000	0.9994489910	0.0005513128
6.2649869919	1.0000000000	0.9998344152	0.0001656122
6.2799868584	1.0000000000	0.9999948850	0.0000051151
6.2949867249	1.0000000000	0.9999303641	0.0000696408
6.3099865913	1.0000000000	0.9996408671	0.0003592619
6.3249864578	1.0000000000	0.9991264591	0.0008743046
6.3399863243	1.0000000000	0.9983872559	0.0016153492
6.3549861908	1.0000000000	0.9974234238	0.0025832321
6.3699860573	0.9960784912	0.9962351796	0.0001572805
6.3849859238	0.9960784912	0.9948227907	0.0012622354
6.3999857903	0.9960784912	0.9931865748	0.0029117554
6.4149856567	0.9921569228	0.9913269001	0.0008372846
6.4299855232	0.9921569228	0.9892441850	0.0029444073
6.4449853897	0.9882353544	0.9869388982	0.0013136135
6.4599852562	0.9882353544	0.9844115581	0.0038843472
6.4749851227	0.9843137860	0.9816627336	0.0027005736
6.4899849892	0.9803922176	0.9786930430	0.0017361670
6.5049848557	0.9803922176	0.9755031546	0.0050118372
6.5199847221	0.9764706492	0.9720937860	0.0045025113
6.5349845886	0.9725490808	0.9684657042	0.0042163358
6.5499844551	0.9686275125	0.9646197256	0.0041547842
6.5649843216	0.9647059441	0.9605567156	0.0043196080
6.5799841881	0.9607843757	0.9562775881	0.0047128444
6.5949840546	0.9568628073	0.9517833061	0.0053368252
6.6099839211	0.9529412389	0.9470748807	0.0061941862
6.6249837875	0.9490196705	0.9421533712	0.0072878785
6.6399836540	0.9411765337	0.9370198849	0.0044360305
6.6549835205	0.9372549653	0.9316755769	0.0059885528
6.6699833870	0.9333333969	0.9261216495	0.0077870411
6.6849832535	0.9254902601	0.9203593524	0.0055748961
6.6999831200	0.9215686917	0.9143899820	0.0078508185
6.7149829865	0.9137255549	0.9082148813	0.0060675879
6.7299828529	0.9098039865	0.9018354398	0.0088359210
6.7449827194	0.9019608498	0.8952530928	0.0074925818
6.7599825859	0.8941177130	0.8884693211	0.0063574417
6.7749824524	0.8901961446	0.8814856512	0.0098816055
6.7899823189	0.8823530078	0.8743036542	0.0092065881
6.8049821854	0.8745098710	0.8669249461	0.0087492290
6.8199820518	0.8666667342	0.8593511870	0.0085128727
6.8349819183	0.8588235974	0.8515840810	0.0085012351
6.8499817848	0.8509804606	0.8436253755	0.0087184257
6.8649816513	0.8431373239	0.8354768613	0.0091689703
6.8799815178	0.8352941871	0.8271403717	0.0098578376
6.8949813843	0.8274510503	0.8186177822	0.0107904669
6.9099812508	0.8196079135	0.8099110105	0.0119728005
6.9249811172	0.8117647767	0.8010220155	0.0134113183
6.9399809837	0.8000000715	0.7919527971	0.0101613056
6.9549808502	0.7921569347	0.7827053959	0.0120754742
6.9699807167	0.7843137980	0.7732818924	0.0142663441
6.9849805832	0.7725490928	0.7636844068	0.0116077871
6.9999804497	0.7647059560	0.7539150985	0.0143130937
7.0149803162	0.7529412508	0.7439761655	0.0120502319
7.0299801826	0.7450980544	0.7338698440	0.0153000025
7.0449800491	0.7333333492	0.7235984078	0.0134535142
7.0599799156	0.7254902124	0.7131641679	0.0172836004
7.0749797821	0.7137255073	0.7025694720	0.0158789070
7.0899796486	0.7019608021	0.6918167037	0.0146629857
7.1049795151	0.6941176653	0.6809082823	0.0193996510
7.1199793816	0.6823529601	0.6698466621	0.0186703893
7.1349792480	0.6705882549	0.6586343320	0.0181495594
7.1499791145	0.6588235497	0.6472738146	0.0178436620
7.1649789810	0.6470588446	0.6357676658	0.0177599135
7.1799788475	0.6352941394	0.6241184746	0.0179063194
7.1949787140	0.6235294342	0.6123288619	0.0182917596
7.2099785805	0.6117647290	0.6004014802	0.0189260840
7.2249784470	0.6000000238	0.5883390131	0.0198202236
7.2399783134	0.5882353187	0.5761441745	0.0209863167
7.2549781799	0.5764706135	0.5638197083	0.0224378556
7.2699780464	0.5647059083	0.5513683872	0.0241898545
7.2849779129	0.5529412031	0.5387930129	0.0262590455
7.2999777794	0.5372549295	0.5260964145	0.0212100192
7.3149776459	0.5254902244	0.5132814487	0.0237857333
7.3299775124	0.5137255192	0.5003509989	0.0267302760
7.3449773788	0.5019608140	0.4873079741	0.0300689515
7.3599772453	0.4862745404	0.4741553091	0.0255596237
7.3749771118	0.4745098352	0.4608959631	0.0295378420
7.3899769783	0.4588235617	0.4475329192	0.0252286300
7.4049768448	0.4470588565	0.4340691842	0.0299253502
7.4199767113	0.4352941513	0.4205077871	0.0351631163
7.4349765778	0.4196078777	0.4068517792	0.0313531835
7.4499764442	0.4078431726	0.3931042330	0.0374937186
7.4649763107	0.3921568990	0.3792682417	0.0339829596
7.4799761772	0.3803921938	0.3653469180	0.0411807929
7.4949760437	0.3647058904	0.3513433944	0.0380325809
7.5099759102	0.3490196168	0.3372608213	0.0348655841
7.5249757767	0.3372549117	0.3231023673	0.0438020447
7.5399756432	0.3215686381	0.3088712180	0.0411091075
7.5549755096	0.3098039329	0.2945705752	0.0517137794
7.5699753761	0.2941176593	0.2802036564	0.0496567501
7.5849752426	0.2784313858	0.2657736941	0.0476258258
7.5999751091	0.2666666806	0.2512839349	0.0612165902
7.6149749756	0.2509804070	0.2367376389	0.0601626686
7.6299748421	0.2352941334	0.2221380788	0.0592246707
7.6449747086	0.2196078598	0.2074885396	0.0584095888
7.6599745750	0.2078431547	0.1927923171	0.0780676212
7.6749744415	0.1921568811	0.1780527179	0.0792134114
7.6899743080	0.1764705926	0.1632730583	0.0808310595
7.7049741745	0.1607843190	0.1484566637	0.0830387473
7.7199740410	0.1490196139	0.1336068675	0.1153589384
7.7349739075	0.1333333403	0.1187270108	0.1230244859
7.7499737740	0.1176470667	0.1038204416	0.1331782540
7.7649736404	0.1019607931	0.0888905136	0.1470379574
7.7799735069	0.0862745121	0.0739405860	0.1668086071
The average relative error for cos is 0.0005401708
The max realtive error for cos is 1.0000000000
