Relative error for exp, test started with input -6.179999828338623046875 ended at -0.100000001490116119384765625 with a step of 0.034000001847743988037109375
input(i)	GPU		CPU		relativeErr
-6.1799998283	0.9882353544	0.0020704282	1.0000000000
-6.1459999084	0.0039215689	0.0021420330	0.8307695955
-6.1119999886	0.0039215689	0.0022161142	0.7695698643
-6.0780000687	0.0039215689	0.0022927574	0.7104159433
-6.0440001488	0.0039215689	0.0023720514	0.6532394443
-6.0100002289	0.0039215689	0.0024540876	0.5979742652
-5.9760003090	0.0039215689	0.0025389611	0.5445565137
-5.9420003891	0.0039215689	0.0026267698	0.4929244330
-5.9080004692	0.0039215689	0.0027176154	0.4430183311
-5.8740005493	0.0039215689	0.0028116028	0.3947805113
-5.8400006294	0.0039215689	0.0029088408	0.3481552054
-5.8060007095	0.0039215689	0.0030094417	0.3030885098
-5.7720007896	0.0039215689	0.0031135218	0.2595283225
-5.7380008698	0.0039215689	0.0032212014	0.2174242833
-5.7040009499	0.0039215689	0.0033326052	0.1767277156
-5.6700010300	0.0039215689	0.0034478617	0.1373915697
-5.6360011101	0.0039215689	0.0035671044	0.0993703689
-5.6020011902	0.0039215689	0.0036904710	0.0626201568
-5.5680012703	0.0039215689	0.0038181042	0.0270984461
-5.5340013504	0.0039215689	0.0039501515	0.0072358300
-5.5000014305	0.0039215689	0.0040867656	0.0404223656
-5.4660015106	0.0039215689	0.0042281044	0.0724995278
-5.4320015907	0.0039215689	0.0043743314	0.1035044012
-5.3980016708	0.0039215689	0.0045256156	0.1334728308
-5.3640017509	0.0039215689	0.0046821318	0.1624394631
-5.3300018311	0.0039215689	0.0048440611	0.1904377868
-5.2960019112	0.0039215689	0.0050115907	0.2175001708
-5.2620019913	0.0039215689	0.0051849142	0.2436579021
-5.2280020714	0.0039215689	0.0053642320	0.2689412219
-5.1940021515	0.0039215689	0.0055497514	0.2933793602
-5.1600022316	0.0039215689	0.0057416869	0.3170005703
-5.1260023117	0.0039215689	0.0059402604	0.3398321607
-5.0920023918	0.0078431377	0.0061457015	0.2761989457
-5.0580024719	0.0078431377	0.0063582476	0.2335376340
-5.0240025520	0.0078431377	0.0065781446	0.1923024224
-4.9900026321	0.0078431377	0.0068056466	0.1524456388
-4.9560027122	0.0078431377	0.0070410166	0.1139212043
-4.9220027924	0.0078431377	0.0072845268	0.0766845808
-4.8880028725	0.0078431377	0.0075364587	0.0406927186
-4.8540029526	0.0078431377	0.0077971036	0.0059040075
-4.8200030327	0.0078431377	0.0080667627	0.0277217721
-4.7860031128	0.0078431377	0.0083457478	0.0602234950
-4.7520031929	0.0078431377	0.0086343815	0.0916387368
-4.7180032730	0.0078431377	0.0089329975	0.1220038167
-4.6840033531	0.0078431377	0.0092419410	0.1513538401
-4.6500034332	0.0078431377	0.0095615691	0.1797227386
-4.6160035133	0.0078431377	0.0098922514	0.2071433097
-4.5820035934	0.0117647070	0.0102343702	0.1495291637
-4.5480036736	0.0117647070	0.0105883210	0.1111022224
-4.5140037537	0.0117647070	0.0109545131	0.0739598329
-4.4800038338	0.0117647070	0.0113333697	0.0380590548
-4.4460039139	0.0117647070	0.0117253289	0.0033583829
-4.4120039940	0.0117647070	0.0121308438	0.0301823005
-4.3780040741	0.0117647070	0.0125503833	0.0626017719
-4.3440041542	0.0117647070	0.0129844323	0.0939375116
-4.3100042343	0.0117647070	0.0134334927	0.1242257471
-4.2760043144	0.0117647070	0.0138980837	0.1535014949
-4.2420043945	0.0156862754	0.0143787423	0.0909351559
-4.2080044746	0.0156862754	0.0148760242	0.0544669196
-4.1740045547	0.0156862754	0.0153905044	0.0192177587
-4.1400046349	0.0156862754	0.0159227777	0.0148530785
-4.1060047150	0.0156862754	0.0164734594	0.0477849815
-4.0720047951	0.0156862754	0.0170431861	0.0796160231
-4.0380048752	0.0156862754	0.0176326166	0.1103830033
-4.0040049553	0.0156862754	0.0182424323	0.1401214921
-3.9700050354	0.0196078438	0.0188733381	0.0389176375
-3.9360051155	0.0196078438	0.0195260635	0.0041882645
-3.9020051956	0.0196078438	0.0202013631	0.0293801604
-3.8680052757	0.0196078438	0.0209000176	0.0618264461
-3.8340053558	0.0196078438	0.0216228348	0.0931881037
-3.8000054359	0.0235294141	0.0223706503	0.0517983976
-3.7660055161	0.0235294141	0.0231443285	0.0166384412
-3.7320055962	0.0235294141	0.0239447641	0.0173461735
-3.6980056763	0.0235294141	0.0247728824	0.0501947363
-3.6640057564	0.0235294141	0.0256296407	0.0819452236
-3.6300058365	0.0274509825	0.0265160296	0.0352599105
-3.5960059166	0.0274509825	0.0274330739	0.0006528096
-3.5620059967	0.0274509825	0.0283818337	0.0327974307
-3.5280060768	0.0274509825	0.0293634059	0.0651294825
-3.4940061569	0.0274509825	0.0303789253	0.0963807248
-3.4600062370	0.0313725509	0.0314295660	0.0018140599
-3.4260063171	0.0313725509	0.0325165426	0.0351818367
-3.3920063972	0.0313725509	0.0336411117	0.0674341815
-3.3580064774	0.0352941193	0.0348045735	0.0140655575
-3.3240065575	0.0352941193	0.0360082731	0.0198330497
-3.2900066376	0.0352941193	0.0372536021	0.0525984802
-3.2560067177	0.0352941193	0.0385420002	0.0842686141
-3.2220067978	0.0392156877	0.0398749569	0.0165334166
-3.1880068779	0.0392156877	0.0412540133	0.0494091486
-3.1540069580	0.0431372561	0.0426807637	0.0106955047
-3.1200070381	0.0431372561	0.0441568576	0.0230904470
-3.0860071182	0.0431372561	0.0456840015	0.0557469878
-3.0520071983	0.0470588282	0.0472639610	0.0043401525
-3.0180072784	0.0470588282	0.0488985626	0.0376234860
-2.9840073586	0.0470588282	0.0505896961	0.0697942103
-2.9500074387	0.0509803966	0.0523393166	0.0259636566
-2.9160075188	0.0509803966	0.0541494470	0.0585241506
-2.8820075989	0.0549019650	0.0560221798	0.0199959166
-2.8480076790	0.0549019650	0.0579596802	0.0527559026
-2.8140077591	0.0588235334	0.0599641882	0.0190222670
-2.7800078392	0.0588235334	0.0620380210	0.0518148006
-2.7460079193	0.0627451017	0.0641835765	0.0224118816
-2.7120079994	0.0627451017	0.0664033349	0.0550911058
-2.6780080795	0.0666666701	0.0686998626	0.0295952917
-2.6440081596	0.0705882385	0.0710758147	0.0068599441
-2.6100082397	0.0705882385	0.0735339379	0.0400590450
-2.5760083199	0.0745098069	0.0760770741	0.0206010441
-2.5420084000	0.0745098069	0.0787081635	0.0533408017
-2.5080084801	0.0784313753	0.0814302478	0.0368275006
-2.4740085602	0.0823529437	0.0842464742	0.0224760796
-2.4400086403	0.0823529437	0.0871600984	0.0551531577
-2.4060087204	0.0862745121	0.0901744889	0.0432492250
-2.3720088005	0.0901960805	0.0932931306	0.0331969793
-2.3380088806	0.0941176564	0.0965196291	0.0248858476
-2.3040089607	0.0980392247	0.0998577145	0.0182108094
-2.2700090408	0.0980392247	0.1033112461	0.0510304688
-2.2360091209	0.1019607931	0.1068842163	0.0460631452
-2.2020092010	0.1058823615	0.1105807560	0.0424883558
-2.1680092812	0.1098039299	0.1144051388	0.0402185510
-2.1340093613	0.1137254983	0.1183617861	0.0391704783
-2.1000094414	0.1176470667	0.1224552721	0.0392649929
-2.0660095215	0.1215686351	0.1266903294	0.0404268763
-2.0320096016	0.1254902035	0.1310718541	0.0425846619
-1.9980095625	0.1294117719	0.1356049279	0.0456705824
-1.9640095234	0.1372549087	0.1402947765	0.0216677193
-1.9300094843	0.1411764771	0.1451468219	0.0273539905
-1.8960094452	0.1450980455	0.1501666735	0.0337533482
-1.8620094061	0.1490196139	0.1553601349	0.0408117633
-1.8280093670	0.1568627506	0.1607332104	0.0240800249
-1.7940093279	0.1607843190	0.1662921117	0.0331211903
-1.7600092888	0.1647058874	0.1720432657	0.0426484482
-1.7260092497	0.1725490242	0.1779933214	0.0305870868
-1.6920092106	0.1764705926	0.1841491576	0.0416975298
-1.6580091715	0.1843137294	0.1905178913	0.0325647203
-1.6240091324	0.1921568811	0.1971068853	0.0251132993
-1.5900090933	0.1960784495	0.2039237574	0.0384717700
-1.5560090542	0.2039215863	0.2109763886	0.0334388239
-1.5220090151	0.2117647231	0.2182729326	0.0298168418
-1.4880089760	0.2196078598	0.2258218249	0.0275171147
-1.4540089369	0.2274509966	0.2336317931	0.0264552882
-1.4200088978	0.2352941334	0.2417118662	0.0265511696
-1.3860088587	0.2431372702	0.2500713858	0.0277285447
-1.3520088196	0.2509804070	0.2587200164	0.0299150006
-1.3180087805	0.2588235438	0.2676677569	0.0330417576
-1.2840087414	0.2666666806	0.2769249519	0.0370435066
-1.2500087023	0.2784313858	0.2865023036	0.0281705165
-1.2160086632	0.2862745225	0.2964108847	0.0341969971
-1.1820086241	0.2980392277	0.3066621506	0.0281186408
-1.1480085850	0.3058823645	0.3172679529	0.0358863486
-1.1140085459	0.3176470697	0.3282405531	0.0322735362
-1.0800085068	0.3294117749	0.3395926368	0.0299796309
-1.0460084677	0.3411764801	0.3513373283	0.0289204916
-1.0120084286	0.3529411852	0.3634882059	0.0290161289
-0.9780084491	0.3647058904	0.3760592948	0.0301904634
-0.9440084696	0.3764706254	0.3890651496	0.0323712475
-0.9100084901	0.3882353306	0.4025208066	0.0354900312
-0.8760085106	0.4039216042	0.4164418218	0.0300647462
-0.8420085311	0.4156863093	0.4308442896	0.0351820383
-0.8080085516	0.4313725829	0.4457448608	0.0322432835
-0.7740085721	0.4470588565	0.4611607621	0.0305791532
-0.7400085926	0.4627451301	0.4771098159	0.0301077139
-0.7060086131	0.4784314036	0.4936104611	0.0307510855
-0.6720086336	0.4941176772	0.5106817743	0.0324352619
-0.6380086541	0.5098039508	0.5283434918	0.0350899392
-0.6040086746	0.5294117928	0.5466160325	0.0314740855
-0.5700086951	0.5450980663	0.5655205214	0.0361126684
-0.5360087156	0.5647059083	0.5850788142	0.0348207890
-0.5020087361	0.5843137503	0.6053135225	0.0346923891
-0.4680087268	0.6039215922	0.6262480585	0.0356511544
-0.4340087175	0.6274510026	0.6479066073	0.0315718415
-0.4000087082	0.6470588446	0.6703142088	0.0346932288
-0.3660086989	0.6705882549	0.6934967685	0.0330333386
-0.3320086896	0.6941176653	0.7174810882	0.0325631202
-0.2980086803	0.7176470757	0.7422948963	0.0332048904
-0.2640086710	0.7411764860	0.7679668806	0.0348848306
-0.2300086617	0.7686275244	0.7945267205	0.0325970108
-0.1960086524	0.7960785031	0.8220051223	0.0315407027
-0.1620086432	0.8235294819	0.8504338541	0.0316360550
-0.1280086339	0.8509804606	0.8798457827	0.0328072517
The average relative error for exp is 0.0051678436
The max realtive error for exp is 1.0000000000
