Relative error for sin, test started with input 7 ended at 15.5 with a step of 0.0425000004470348358154296875
input(i)	GPU		CPU		relativeErr
7.0000000000	0.6588235497	0.6569865987	0.0027960251
7.0425000191	0.6588235497	0.6884245619	0.0429981929
7.0850000381	0.6901960969	0.7186192442	0.0395524439
7.1275000572	0.7176470757	0.7475161148	0.0399577193
7.1700000763	0.7490196228	0.7750629863	0.0336016091
7.2125000954	0.7764706612	0.8012101098	0.0308776042
7.2550001144	0.8000000715	0.8259102641	0.0313716800
7.2975001335	0.8274510503	0.8491188411	0.0255179720
7.3400001526	0.8509804606	0.8707939267	0.0227533352
7.3825001717	0.8705883026	0.8908963761	0.0227951017
7.4250001907	0.8901961446	0.9093898847	0.0211061728
7.4675002098	0.9098039865	0.9262410535	0.0177459927
7.5100002289	0.9254902601	0.9414194498	0.0169203957
7.5525002480	0.9411765337	0.9548976615	0.0143692129
7.5950002670	0.9568628073	0.9666513475	0.0101262365
7.6375002861	0.9686275125	0.9766592806	0.0082237156
7.6800003052	0.9764706492	0.9849033869	0.0085619948
7.7225003242	0.9843137860	0.9913687776	0.0071164149
7.7650003433	0.9921569228	0.9960437763	0.0039022919
7.8075003624	0.9960784912	0.9989199402	0.0028445212
7.8500003815	1.0000000000	0.9999920748	0.0000079252
7.8925004005	1.0000000000	0.9992582440	0.0007423066
7.9350004196	1.0000000000	0.9967197731	0.0032910222
7.9775004387	0.9960784912	0.9923812464	0.0037256295
8.0200004578	0.9921569228	0.9862504992	0.0059887661
8.0625000000	0.9882353544	0.9783387024	0.0101157728
8.1049995422	0.9803922176	0.9686600853	0.0121117124
8.1474990845	0.9686275125	0.9572321269	0.0119045164
8.1899986267	0.9568628073	0.9440754654	0.0135448302
8.2324981689	0.9450981021	0.9292138611	0.0170942790
8.2749977112	0.9294118285	0.9126741529	0.0183391581
8.3174972534	0.9137255549	0.8944862107	0.0215088215
8.3599967957	0.8941177130	0.8746828808	0.0222192896
8.4024963379	0.8745098710	0.8532999267	0.0248563766
8.4449958801	0.8549020290	0.8303759648	0.0295360961
8.4874954224	0.8313726187	0.8059523943	0.0315406028
8.5299949646	0.8078432083	0.7800733228	0.0355990709
8.5724945068	0.7803922296	0.7527854863	0.0366727890
8.6149940491	0.7529412508	0.7241381649	0.0397756772
8.6574935913	0.7254902124	0.6941830940	0.0450992234
8.6999931335	0.6941176653	0.6629743706	0.0469751110
8.7424926758	0.6627451181	0.6305683558	0.0510281908
8.7849922180	0.6313725710	0.5970235728	0.0575337386
8.8274917603	0.5960784554	0.5624006016	0.0598823219
8.8699913025	0.5607843399	0.5267619690	0.0645877510
8.9124908447	0.5254902244	0.4901720363	0.0720526375
8.9549903870	0.4901961088	0.4526968827	0.0828351764
8.9974899292	0.4509804249	0.4144041860	0.0882622330
9.0399894714	0.4156863093	0.3753631006	0.1074245409
9.0824890137	0.3764706254	0.3356441322	0.1216362489
9.1249885559	0.3333333433	0.2953190109	0.1287229436
9.1674880981	0.2941176593	0.2544605614	0.1558477185
9.2099876404	0.2549019754	0.2131425716	0.1959223983
9.2524871826	0.2117647231	0.1714396592	0.2352143256
9.2949867249	0.1686274558	0.1294271373	0.3028755744
9.3374862671	0.1294117719	0.0871808778	0.4844054703
9.3799858093	0.0862745121	0.0447771749	0.9267520174
9.4224853516	0.0431372561	0.0022926072	1.0000000000
9.4649848938	0.0039215689	-0.0401961008	0.9024390730
9.5074844360	0.0000000000	-0.0826122172	1.0000000000
9.5499839783	0.0000000000	-0.1248791408	1.0000000000
9.5924835205	0.0000000000	-0.1669205404	1.0000000000
9.6349830627	0.0000000000	-0.2086604915	1.0000000000
9.6774826050	0.0000000000	-0.2500236145	1.0000000000
9.7199821472	0.0000000000	-0.2909352101	1.0000000000
9.7624816895	0.0000000000	-0.3313213943	1.0000000000
9.8049812317	0.0000000000	-0.3711092323	1.0000000000
9.8474807739	0.0000000000	-0.4102268695	1.0000000000
9.8899803162	0.0000000000	-0.4486036619	1.0000000000
9.9324798584	0.0000000000	-0.4861703033	1.0000000000
9.9749794006	0.0000000000	-0.5228589507	1.0000000000
10.0174789429	0.0000000000	-0.5586033467	1.0000000000
10.0599784851	0.0000000000	-0.5933389389	1.0000000000
10.1024780273	0.0000000000	-0.6270029970	1.0000000000
10.1449775696	0.0000000000	-0.6595347259	1.0000000000
10.1874771118	0.0000000000	-0.6908753751	1.0000000000
10.2299766541	0.0000000000	-0.7209683453	1.0000000000
10.2724761963	0.0000000000	-0.7497592905	1.0000000000
10.3149757385	0.0000000000	-0.7771962160	1.0000000000
10.3574752808	0.0000000000	-0.8032295724	1.0000000000
10.3999748230	0.0000000000	-0.8278123449	1.0000000000
10.4424743652	0.0000000000	-0.8509001387	1.0000000000
10.4849739075	0.0000000000	-0.8724512585	1.0000000000
10.5274734497	0.0000000000	-0.8924267843	1.0000000000
10.5699729919	0.0000000000	-0.9107906416	1.0000000000
10.6124725342	0.0000000000	-0.9275096663	1.0000000000
10.6549720764	0.0000000000	-0.9425536649	1.0000000000
10.6974716187	0.0000000000	-0.9558954689	1.0000000000
10.7399711609	0.0000000000	-0.9675109838	1.0000000000
10.7824707031	0.0000000000	-0.9773792326	1.0000000000
10.8249702454	0.0000000000	-0.9854823938	1.0000000000
10.8674697876	0.0000000000	-0.9918058338	1.0000000000
10.9099693298	0.0000000000	-0.9963381327	1.0000000000
10.9524688721	0.0000000000	-0.9990711054	1.0000000000
10.9949684143	0.0000000000	-0.9999998165	1.0000000000
11.0374679565	0.0000000000	-0.9991225886	1.0000000000
11.0799674988	0.0000000000	-0.9964410060	1.0000000000
11.1224670410	0.0000000000	-0.9919599116	1.0000000000
11.1649665833	0.0000000000	-0.9856873978	1.0000000000
11.2074661255	0.0000000000	-0.9776347924	1.0000000000
11.2499656677	0.0000000000	-0.9678166380	1.0000000000
11.2924652100	0.0000000000	-0.9562506656	1.0000000000
11.3349647522	0.0000000000	-0.9429577626	1.0000000000
11.3774642944	0.0000000000	-0.9279619351	1.0000000000
11.4199638367	0.0000000000	-0.9112902648	1.0000000000
11.4624633789	0.0000000000	-0.8929728596	1.0000000000
11.5049629211	0.0000000000	-0.8730427997	1.0000000000
11.5474624634	0.0000000000	-0.8515360775	1.0000000000
11.5899620056	0.0000000000	-0.8284915330	1.0000000000
11.6324615479	0.0000000000	-0.8039507830	1.0000000000
11.6749610901	0.0000000000	-0.7779581468	1.0000000000
11.7174606323	0.0000000000	-0.7505605655	1.0000000000
11.7599601746	0.0000000000	-0.7218075174	1.0000000000
11.8024597168	0.0000000000	-0.6917509287	1.0000000000
11.8449592590	0.0000000000	-0.6604450799	1.0000000000
11.8874588013	0.0000000000	-0.6279465074	1.0000000000
11.9299583435	0.0000000000	-0.5943139017	1.0000000000
11.9724578857	0.0000000000	-0.5596080012	1.0000000000
12.0149574280	0.0000000000	-0.5238914826	1.0000000000
12.0574569702	0.0000000000	-0.4872288479	1.0000000000
12.0999565125	0.0000000000	-0.4496863075	1.0000000000
12.1424560547	0.0000000000	-0.4113316609	1.0000000000
12.1849555969	0.0000000000	-0.3722341743	1.0000000000
12.2274551392	0.0000000000	-0.3324644554	1.0000000000
12.2699546814	0.0000000000	-0.2920943259	1.0000000000
12.3124542236	0.0000000000	-0.2511966918	1.0000000000
12.3549537659	0.0000000000	-0.2098454118	1.0000000000
12.3974533081	0.0000000000	-0.1681151637	1.0000000000
12.4399528503	0.0000000000	-0.1260813098	1.0000000000
12.4824523926	0.0000000000	-0.0838197607	1.0000000000
12.5249519348	0.0000000000	-0.0414068382	1.0000000000
12.5674514771	0.0000000000	0.0010808625	1.0000000000
12.6099510193	0.0000000000	0.0435666112	1.0000000000
12.6524505615	0.0431372561	0.0859736813	0.4982504482
12.6949501038	0.0862745121	0.1282254881	0.3271656566
12.7374496460	0.1254902035	0.1702457275	0.2628877956
12.7799491882	0.1686274558	0.2119585135	0.2044317868
12.8224487305	0.2117647231	0.2532885152	0.1639387089
12.8649482727	0.2509804070	0.2941610933	0.1467926496
12.9074478149	0.2941176593	0.3345024343	0.1207308852
12.9499473572	0.3333333433	0.3742396843	0.1093051933
12.9924468994	0.3725490272	0.4133010801	0.0986013705
13.0349464417	0.4117647409	0.4516160793	0.0882416286
13.0774459839	0.4509804249	0.4891154873	0.0779673991
13.1199455261	0.4901961088	0.5257315824	0.0675924270
13.1624450684	0.5254902244	0.5613982383	0.0639617502
13.2049446106	0.5607843399	0.5960510430	0.0591672534
13.2474441528	0.5960784554	0.6296274157	0.0532838302
13.2899436951	0.6313725710	0.6620667197	0.0463611110
13.3324432373	0.6627451181	0.6933103713	0.0440859598
13.3749427795	0.6941176653	0.7233019465	0.0403486834
13.4174423218	0.7254902124	0.7519872824	0.0352360613
13.4599418640	0.7529412508	0.7793145749	0.0338416924
13.5024414062	0.7803922296	0.8052344727	0.0308509434
13.5449409485	0.8078432083	0.8297001659	0.0263432002
13.5874404907	0.8313726187	0.8526674710	0.0249743928
13.6299400330	0.8549020290	0.8740949105	0.0219574342
13.6724395752	0.8745098710	0.8939437877	0.0217395288
13.7149391174	0.8941177130	0.9121782567	0.0197993579
13.7574386597	0.9137255549	0.9287653873	0.0161933600
13.7999382019	0.9294118285	0.9436752239	0.0151147291
13.8424377441	0.9450981021	0.9568808405	0.0123136945
13.8849372864	0.9568628073	0.9683583883	0.0118712051
13.9274368286	0.9686275125	0.9780871398	0.0096715589
13.9699363708	0.9764706492	0.9860495253	0.0097143965
14.0124359131	0.9843137860	0.9922311653	0.0079793697
14.0549354553	0.9921569228	0.9966208961	0.0044791087
14.0974349976	0.9960784912	0.9992107902	0.0031347729
14.1399345398	1.0000000000	0.9999961702	0.0000038298
14.1824340820	1.0000000000	0.9989756179	0.0010254325
14.2249336243	1.0000000000	0.9961509764	0.0038638959
14.2674331665	0.9960784912	0.9915273467	0.0045900343
14.3099327087	0.9921569228	0.9851130789	0.0071502898
14.3524322510	0.9843137860	0.9769197567	0.0075687172
14.3949317932	0.9764706492	0.9669621767	0.0098333448
14.4374313354	0.9686275125	0.9552583219	0.0139953668
14.4799308777	0.9568628073	0.9418293285	0.0159619989
14.5224304199	0.9411765337	0.9266994486	0.0156222010
14.5649299622	0.9254902601	0.9098960059	0.0171385017
14.6074295044	0.9098039865	0.8914493462	0.0205896616
14.6499290466	0.8901961446	0.8713927831	0.0215785141
14.6924285889	0.8705883026	0.8497625377	0.0245077466
14.7349281311	0.8509804606	0.8265976727	0.0294977699
14.7774276733	0.8274510503	0.8019400225	0.0318116405
14.8199272156	0.8039216399	0.7758341174	0.0362029999
14.8624267578	0.7764706612	0.7483271031	0.0376086313
14.9049263000	0.7490196228	0.7194686554	0.0410733215
14.9474258423	0.7215686440	0.6893108911	0.0467971033
14.9899253845	0.6901960969	0.6579082732	0.0490764823
15.0324249268	0.6588235497	0.6253175129	0.0535824380
15.0749244690	0.6274510026	0.5915974671	0.0606046128
15.1174240112	0.5921568871	0.5568090323	0.0634829047
15.1599235535	0.5568627715	0.5210150343	0.0688036523
15.2024230957	0.5215686560	0.4842801147	0.0769978782
15.2449226379	0.4823529720	0.4466706146	0.0798851687
15.2874221802	0.4470588565	0.4082544546	0.0950495492
15.3299217224	0.4078431726	0.3691010118	0.1049635722
15.3724212646	0.3686274588	0.3292809951	0.1194920580
15.4149208069	0.3294117749	0.2888663168	0.1403606294
15.4574203491	0.2862745225	0.2479299636	0.1546588336
15.4999198914	0.2470588386	0.2065458639	0.1961451757
The average relative error for sin is 0.3442915007
The max realtive error for sin is 1.0000000000
