Relative error for cos, test started with input 1 ended at 10 with a step of 0.04500000178813934326171875
input(i)	GPU		CPU		relativeErr
1.0000000000	0.2039215863	0.5403023059	0.6225787229
1.0449999571	0.5411764979	0.5019019634	0.0782514064
1.0899999142	0.5019608140	0.4624854430	0.0853548401
1.1349998713	0.4627451301	0.4221325493	0.0962081243
1.1799998283	0.4235294461	0.3809249831	0.1118447593
1.2249997854	0.3803921938	0.3389461754	0.1222790561
1.2699997425	0.3372549117	0.2962811189	0.1382936347
1.3149996996	0.2941176593	0.2530161954	0.1624459804
1.3599996567	0.2509804070	0.2092390016	0.1994915148
1.4049996138	0.2078431547	0.1650381711	0.2593641413
1.4499995708	0.1647058874	0.1205031954	0.3668175927
1.4949995279	0.1176470667	0.0757242423	0.5536248777
1.5399994850	0.0745098069	0.0307919738	1.0000000000
1.5849994421	0.0313725509	-0.0142026378	1.0000000000
1.6299993992	0.0000000000	-0.0591684940	1.0000000000
1.6749993563	0.0000000000	-0.1040145544	1.0000000000
1.7199993134	0.0000000000	-0.1486500213	1.0000000000
1.7649992704	0.0000000000	-0.1929845232	1.0000000000
1.8099992275	0.0000000000	-0.2369282982	1.0000000000
1.8549991846	0.0000000000	-0.2803923753	1.0000000000
1.8999991417	0.0000000000	-0.3232887546	1.0000000000
1.9449990988	0.0000000000	-0.3655305860	1.0000000000
1.9899990559	0.0000000000	-0.4070323443	1.0000000000
2.0349991322	0.0000000000	-0.4477101093	1.0000000000
2.0799992085	0.0000000000	-0.4874814112	1.0000000000
2.1249992847	0.0000000000	-0.5262657265	1.0000000000
2.1699993610	0.0000000000	-0.5639845299	1.0000000000
2.2149994373	0.0000000000	-0.6005614535	1.0000000000
2.2599995136	0.0000000000	-0.6359224412	1.0000000000
2.3049995899	0.0000000000	-0.6699958989	1.0000000000
2.3499996662	0.0000000000	-0.7027128393	1.0000000000
2.3949997425	0.0000000000	-0.7340070214	1.0000000000
2.4399998188	0.0000000000	-0.7638150851	1.0000000000
2.4849998951	0.0000000000	-0.7920766790	1.0000000000
2.5299999714	0.0000000000	-0.8187345829	1.0000000000
2.5750000477	0.0000000000	-0.8437348233	1.0000000000
2.6200001240	0.0000000000	-0.8670267832	1.0000000000
2.6650002003	0.0000000000	-0.8885633042	1.0000000000
2.7100002766	0.0000000000	-0.9083007821	1.0000000000
2.7550003529	0.0000000000	-0.9261992549	1.0000000000
2.8000004292	0.0000000000	-0.9422224844	1.0000000000
2.8450005054	0.0000000000	-0.9563380289	1.0000000000
2.8900005817	0.0000000000	-0.9685173091	1.0000000000
2.9350006580	0.0000000000	-0.9787356660	1.0000000000
2.9800007343	0.0000000000	-0.9869724108	1.0000000000
3.0250008106	0.0000000000	-0.9932108671	1.0000000000
3.0700008869	0.0000000000	-0.9974384038	1.0000000000
3.1150009632	0.0000000000	-0.9996464618	1.0000000000
3.1600010395	0.0000000000	-0.9998305704	1.0000000000
3.2050011158	0.0000000000	-0.9979903569	1.0000000000
3.2500011921	0.0000000000	-0.9941295471	1.0000000000
3.2950012684	0.0000000000	-0.9882559578	1.0000000000
3.3400013447	0.0000000000	-0.9803814811	1.0000000000
3.3850014210	0.0000000000	-0.9705220601	1.0000000000
3.4300014973	0.0000000000	-0.9586976570	1.0000000000
3.4750015736	0.0000000000	-0.9449322121	1.0000000000
3.5200016499	0.0000000000	-0.9292535958	1.0000000000
3.5650017262	0.0000000000	-0.9116935522	1.0000000000
3.6100018024	0.0000000000	-0.8922876344	1.0000000000
3.6550018787	0.0000000000	-0.8710751329	1.0000000000
3.7000019550	0.0000000000	-0.8480989959	1.0000000000
3.7450020313	0.0000000000	-0.8234057424	1.0000000000
3.7900021076	0.0000000000	-0.7970453680	1.0000000000
3.8350021839	0.0000000000	-0.7690712436	1.0000000000
3.8800022602	0.0000000000	-0.7395400074	1.0000000000
3.9250023365	0.0000000000	-0.7085114503	1.0000000000
3.9700024128	0.0000000000	-0.6760483948	1.0000000000
4.0150022507	0.0000000000	-0.6422167504	1.0000000000
4.0600023270	0.0000000000	-0.6070846564	1.0000000000
4.1050024033	0.0000000000	-0.5707234193	1.0000000000
4.1500024796	0.0000000000	-0.5332066584	1.0000000000
4.1950025558	0.0000000000	-0.4946103325	1.0000000000
4.2400026321	0.0000000000	-0.4550125863	1.0000000000
4.2850027084	0.0000000000	-0.4144935919	1.0000000000
4.3300027847	0.0000000000	-0.3731353868	1.0000000000
4.3750028610	0.0000000000	-0.3310217075	1.0000000000
4.4200029373	0.0000000000	-0.2882378201	1.0000000000
4.4650030136	0.0000000000	-0.2448703476	1.0000000000
4.5100030899	0.0000000000	-0.2010070946	1.0000000000
4.5550031662	0.0000000000	-0.1567368696	1.0000000000
4.6000032425	0.0000000000	-0.1121493049	1.0000000000
4.6450033188	0.0000000000	-0.0673346754	1.0000000000
4.6900033951	0.0000000000	-0.0223837157	1.0000000000
4.7350034714	0.0000000000	0.0226125635	1.0000000000
4.7800035477	0.0235294141	0.0675630598	0.6517414375
4.8250036240	0.0666666701	0.1123767636	0.4067575179
4.8700037003	0.1098039299	0.1569629420	0.3004467900
4.9150037766	0.1568627506	0.2012313230	0.2204854181
4.9600038528	0.2000000179	0.2450922780	0.1839807460
5.0050039291	0.2431372702	0.2884570032	0.1571108779
5.0500040054	0.2862745225	0.3312376996	0.1357429335
5.0950040817	0.3294117749	0.3733477505	0.1176811044
5.1400041580	0.3725490272	0.4147018972	0.1016461952
5.1850042343	0.4156863093	0.4552164114	0.0868380425
5.2300043106	0.4549019933	0.4948092648	0.0806518277
5.2750043869	0.4941176772	0.5334002952	0.0736456622
5.3200044632	0.5333333611	0.5709113685	0.0658210879
5.3650045395	0.5725490451	0.6072665375	0.0571701062
5.4100046158	0.6078431606	0.6423921951	0.0537818403
5.4550046921	0.6431372762	0.6762172235	0.0489191139
5.5000047684	0.6784313917	0.7086731386	0.0426737592
5.5450048447	0.7098039389	0.7396942278	0.0404089795
5.5900049210	0.7411764860	0.7692176838	0.0364541773
5.6350049973	0.7686275244	0.7971837316	0.0358213623
5.6800050735	0.7960785031	0.8235357493	0.0333406852
5.7250051498	0.8235294819	0.8482203828	0.0291090634
5.7700052261	0.8470588923	0.8711876541	0.0276964001
5.8150053024	0.8705883026	0.8923910620	0.0244318442
5.8600053787	0.8941177130	0.9117876769	0.0193794722
5.9050054550	0.9137255549	0.9293382270	0.0167997739
5.9500055313	0.9294118285	0.9450071784	0.0165028903
5.9950056076	0.9450981021	0.9587628066	0.0142524349
6.0400056839	0.9607843757	0.9705772612	0.0100897537
6.0850057602	0.9725490808	0.9804266218	0.0080348093
6.1300058365	0.9803922176	0.9882909468	0.0079923116
6.1750059128	0.9882353544	0.9941543136	0.0059537630
6.2200059891	0.9960784912	0.9980048507	0.0019302105
6.2650060654	0.9960784912	0.9998347621	0.0037568917
6.3100061417	1.0000000000	0.9996403430	0.0003597864
6.3550062180	1.0000000000	0.9974219868	0.0025846765
6.4000062943	0.9960784912	0.9931841851	0.0029141685
6.4450063705	0.9921569228	0.9869355180	0.0052905227
6.4900064468	0.9882353544	0.9786886369	0.0097546013
6.5350065231	0.9803922176	0.9684602391	0.0123205663
6.5800065994	0.9686275125	0.9562710335	0.0129215239
6.6250066757	0.9568628073	0.9421456992	0.0156208409
6.6700067520	0.9411765337	0.9261128354	0.0162655108
6.7150068283	0.9254902601	0.9082049032	0.0190324418
6.7600069046	0.9098039865	0.8884581601	0.0240256969
6.8050069809	0.8901961446	0.8669125868	0.0268580226
6.8500070572	0.8666667342	0.8436118057	0.0273288358
6.8950071335	0.8431373239	0.8186029932	0.0299709760
6.9400072098	0.8196079135	0.7919367837	0.0349410841
6.9850072861	0.7921569347	0.7636671674	0.0373065238
7.0300073624	0.7647059560	0.7338513808	0.0420447191
7.0750074387	0.7333333492	0.7025497909	0.0438169063
7.1200075150	0.7019608021	0.6698257728	0.0479752057
7.1650075912	0.6705882549	0.6357455819	0.0548060011
7.2100076675	0.6352941394	0.6003782190	0.0581565408
7.2550077438	0.6000000238	0.5637952913	0.0642160960
7.3000078201	0.5647059083	0.5260708668	0.0734407546
7.3450078964	0.5254902244	0.4872813250	0.0784124023
7.3900079727	0.4862745404	0.4475052017	0.0866343867
7.4350080490	0.4470588565	0.4068230302	0.0989025283
7.4800081253	0.4078431726	0.3653171783	0.1164084166
7.5250082016	0.3647058904	0.3230716814	0.1288698807
7.5700082779	0.3215686381	0.2801720725	0.1477540756
7.6150083542	0.2784313858	0.2367052090	0.1762790813
7.6600084305	0.2352941334	0.1927590967	0.2206642254
7.7050085068	0.1921568811	0.1484227117	0.2946595494
7.7500085831	0.1490196139	0.1037858205	0.4358378932
7.7950086594	0.1019607931	0.0589387977	0.7299435525
7.8400087357	0.0588235334	0.0139724436	1.0000000000
7.8850088120	0.0156862754	-0.0310222000	0.4943532229
7.9300088882	0.0000000000	-0.0759540340	1.0000000000
7.9750089645	0.0000000000	-0.1207320866	1.0000000000
8.0200090408	0.0000000000	-0.1652656971	1.0000000000
8.0650091171	0.0000000000	-0.2094646999	1.0000000000
8.1100091934	0.0000000000	-0.2532396068	1.0000000000
8.1550092697	0.0000000000	-0.2965017884	1.0000000000
8.2000093460	0.0000000000	-0.3391636530	1.0000000000
8.2450094223	0.0000000000	-0.3811388249	1.0000000000
8.2900094986	0.0000000000	-0.4223423182	1.0000000000
8.3350095749	0.0000000000	-0.4626907098	1.0000000000
8.3800096512	0.0000000000	-0.5021023076	1.0000000000
8.4250097275	0.0000000000	-0.5404973163	1.0000000000
8.4700098038	0.0000000000	-0.5777979990	1.0000000000
8.5150098801	0.0000000000	-0.6139288341	1.0000000000
8.5600099564	0.0000000000	-0.6488166690	1.0000000000
8.6050100327	0.0000000000	-0.6823908673	1.0000000000
8.6500101089	0.0000000000	-0.7145834526	1.0000000000
8.6950101852	0.0000000000	-0.7453292457	1.0000000000
8.7400102615	0.0000000000	-0.7745659966	1.0000000000
8.7850103378	0.0000000000	-0.8022345107	1.0000000000
8.8300104141	0.0000000000	-0.8282787686	1.0000000000
8.8750104904	0.0000000000	-0.8526460393	1.0000000000
8.9200105667	0.0000000000	-0.8752869872	1.0000000000
8.9650106430	0.0000000000	-0.8961557721	1.0000000000
9.0100107193	0.0000000000	-0.9152101416	1.0000000000
9.0550107956	0.0000000000	-0.9324115170	1.0000000000
9.1000108719	0.0000000000	-0.9477250713	1.0000000000
9.1450109482	0.0000000000	-0.9611197996	1.0000000000
9.1900110245	0.0000000000	-0.9725685822	1.0000000000
9.2350111008	0.0000000000	-0.9820482390	1.0000000000
9.2800111771	0.0000000000	-0.9895395770	1.0000000000
9.3250112534	0.0000000000	-0.9950274286	1.0000000000
9.3700113297	0.0000000000	-0.9985006829	1.0000000000
9.4150114059	0.0000000000	-0.9999523076	1.0000000000
9.4600114822	0.0000000000	-0.9993793637	1.0000000000
9.5050115585	0.0000000000	-0.9967830112	1.0000000000
9.5500116348	0.0000000000	-0.9921685069	1.0000000000
9.5950117111	0.0000000000	-0.9855451936	1.0000000000
9.6400117874	0.0000000000	-0.9769264812	1.0000000000
9.6850118637	0.0000000000	-0.9663298198	1.0000000000
9.7300119400	0.0000000000	-0.9537766641	1.0000000000
9.7750120163	0.0000000000	-0.9392924300	1.0000000000
9.8200120926	0.0000000000	-0.9229064432	1.0000000000
9.8650121689	0.0000000000	-0.9046518799	1.0000000000
9.9100122452	0.0000000000	-0.8845656995	1.0000000000
9.9550123215	0.0000000000	-0.8626885697	1.0000000000
The average relative error for cos is 0.6173329869
The max realtive error for cos is 1.0000000000
