Relative error for exp, test started with input -7 ended at -1 with a step of 0.02999999932944774627685546875
input(i)	GPU		CPU		relativeErr
-7.0000000000	0.9882353544	0.0009118820	1.0000000000
-6.9699997902	0.0000000000	0.0009396531	1.0000000000
-6.9399995804	0.0000000000	0.0009682700	1.0000000000
-6.9099993706	0.0000000000	0.0009977584	1.0000000000
-6.8799991608	0.0000000000	0.0010281449	1.0000000000
-6.8499989510	0.0000000000	0.0010594568	1.0000000000
-6.8199987411	0.0000000000	0.0010917223	1.0000000000
-6.7899985313	0.0000000000	0.0011249704	1.0000000000
-6.7599983215	0.0000000000	0.0011592311	1.0000000000
-6.7299981117	0.0000000000	0.0011945352	1.0000000000
-6.6999979019	0.0000000000	0.0012309145	1.0000000000
-6.6699976921	0.0000000000	0.0012684017	1.0000000000
-6.6399974823	0.0000000000	0.0013070305	1.0000000000
-6.6099972725	0.0000000000	0.0013468358	1.0000000000
-6.5799970627	0.0000000000	0.0013878534	1.0000000000
-6.5499968529	0.0000000000	0.0014301201	1.0000000000
-6.5199966431	0.0000000000	0.0014736740	1.0000000000
-6.4899964333	0.0000000000	0.0015185544	1.0000000000
-6.4599962234	0.0000000000	0.0015648016	1.0000000000
-6.4299960136	0.0000000000	0.0016124573	1.0000000000
-6.3999958038	0.0000000000	0.0016615642	1.0000000000
-6.3699955940	0.0000000000	0.0017121668	1.0000000000
-6.3399953842	0.0000000000	0.0017643104	1.0000000000
-6.3099951744	0.0000000000	0.0018180420	1.0000000000
-6.2799949646	0.0000000000	0.0018734100	1.0000000000
-6.2499947548	0.0000000000	0.0019304643	1.0000000000
-6.2199945450	0.0000000000	0.0019892561	1.0000000000
-6.1899943352	0.0039215689	0.0020498384	0.9131112608
-6.1599941254	0.0039215689	0.0021122657	0.8565698887
-6.1299939156	0.0039215689	0.0021765942	0.8016995782
-6.0999937057	0.0039215689	0.0022428818	0.7484509416
-6.0699934959	0.0039215689	0.0023111882	0.6967760509
-6.0399932861	0.0039215689	0.0023815749	0.6466283946
-6.0099930763	0.0039215689	0.0024541052	0.5979628357
-5.9799928665	0.0039215689	0.0025288443	0.5507355713
-5.9499926567	0.0039215689	0.0026058597	0.5049040931
-5.9199924469	0.0039215689	0.0026852205	0.4604271492
-5.8899922371	0.0039215689	0.0027669982	0.4172647067
-5.8599920273	0.0039215689	0.0028512664	0.3753779159
-5.8299918175	0.0039215689	0.0029381010	0.3347290754
-5.7999916077	0.0039215689	0.0030275802	0.2952815979
-5.7699913979	0.0039215689	0.0031197844	0.2569999777
-5.7399911880	0.0039215689	0.0032147966	0.2198497581
-5.7099909782	0.0039215689	0.0033127024	0.1837975009
-5.6799907684	0.0039215689	0.0034135900	0.1488107564
-5.6499905586	0.0039215689	0.0035175500	0.1148580335
-5.6199903488	0.0039215689	0.0036246761	0.0819087722
-5.5899901390	0.0039215689	0.0037350647	0.0499333154
-5.5599899292	0.0039215689	0.0038488152	0.0189028827
-5.5299897194	0.0039215689	0.0039660299	0.0112104559
-5.4999895096	0.0039215689	0.0040868143	0.0404338046
-5.4699892998	0.0039215689	0.0042112772	0.0687934669
-5.4399890900	0.0039215689	0.0043395306	0.0963149687
-5.4099888802	0.0039215689	0.0044716899	0.1230230817
-5.3799886703	0.0039215689	0.0046078741	0.1489418452
-5.3499884605	0.0039215689	0.0047482058	0.1740945881
-5.3199882507	0.0039215689	0.0048928112	0.1985039501
-5.2899880409	0.0039215689	0.0050418206	0.2221919014
-5.2599878311	0.0039215689	0.0051953679	0.2451797631
-5.2299876213	0.0039215689	0.0053535916	0.2674882262
-5.1999874115	0.0039215689	0.0055166339	0.2891373699
-5.1699872017	0.0039215689	0.0056846416	0.3101466804
-5.1399869919	0.0039215689	0.0058577659	0.3305350677
-5.1099867821	0.0039215689	0.0060361627	0.3503208829
-5.0799865723	0.0078431377	0.0062199925	0.2609561304
-5.0499863625	0.0078431377	0.0064094209	0.2236889880
-5.0199861526	0.0078431377	0.0066046182	0.1875232637
-4.9899859428	0.0078431377	0.0068057602	0.1524264054
-4.9599857330	0.0078431377	0.0070130279	0.1183668232
-4.9299855232	0.0078431377	0.0072266079	0.0853138608
-4.8999853134	0.0078431377	0.0074466924	0.0532377677
-4.8699851036	0.0078431377	0.0076734796	0.0221096730
-4.8399848938	0.0078431377	0.0079071735	0.0080984412
-4.8099846840	0.0078431377	0.0081479845	0.0374137645
-4.7799844742	0.0078431377	0.0083961293	0.0658626831
-4.7499842644	0.0078431377	0.0086518313	0.0934708032
-4.7199840546	0.0078431377	0.0089153207	0.1202629746
-4.6899838448	0.0078431377	0.0091868346	0.1462633121
-4.6599836349	0.0078431377	0.0094666173	0.1714952182
-4.6299834251	0.0078431377	0.0097549208	0.1959814037
-4.5999832153	0.0078431377	0.0100520045	0.2197439080
-4.5699830055	0.0117647070	0.0103581357	0.1357938659
-4.5399827957	0.0117647070	0.0106735902	0.1022258529
-4.5099825859	0.0117647070	0.0109986517	0.0696499315
-4.4799823761	0.0117647070	0.0113336129	0.0380367807
-4.4499821663	0.0117647070	0.0116787752	0.0073579461
-4.4199819565	0.0117647070	0.0120344494	0.0224141856
-4.3899817467	0.0117647070	0.0124009556	0.0513064118
-4.3599815369	0.0117647070	0.0127786236	0.0793447378
-4.3299813271	0.0117647070	0.0131677934	0.1065544003
-4.2999811172	0.0117647070	0.0135688152	0.1329598902
-4.2699809074	0.0117647070	0.0139820501	0.1585849746
-4.2399806976	0.0156862754	0.0144078699	0.0887296662
-4.2099804878	0.0156862754	0.0148466580	0.0565526201
-4.1799802780	0.0156862754	0.0152988093	0.0253265560
-4.1499800682	0.0156862754	0.0157647307	0.0049766320
-4.1199798584	0.0156862754	0.0162448416	0.0343842194
-4.0899796486	0.0156862754	0.0167395742	0.0629226752
-4.0599794388	0.0156862754	0.0172493738	0.0906176863
-4.0299792290	0.0156862754	0.0177746991	0.1174941806
-3.9999792576	0.0196078438	0.0183160188	0.0705297937
-3.9699792862	0.0196078438	0.0188738241	0.0388908866
-3.9399793148	0.0196078438	0.0194486170	0.0081870496
-3.9099793434	0.0196078438	0.0200409150	0.0216093528
-3.8799793720	0.0196078438	0.0206512512	0.0505251392
-3.8499794006	0.0196078438	0.0212801748	0.0785863357
-3.8199794292	0.0196078438	0.0219282520	0.1058181994
-3.7899794579	0.0235294141	0.0225960660	0.0413057772
-3.7599794865	0.0235294141	0.0232842180	0.0105305695
-3.7299795151	0.0235294141	0.0239933273	0.0193350943
-3.6999795437	0.0235294141	0.0247240322	0.0483180951
-3.6699795723	0.0235294141	0.0254769904	0.0764445196
-3.6399796009	0.0235294141	0.0262528795	0.1037396834
-3.6099796295	0.0274509825	0.0270523979	0.0147337974
-3.5799796581	0.0274509825	0.0278762653	0.0152560904
-3.5499796867	0.0274509825	0.0287252232	0.0443596439
-3.5199797153	0.0274509825	0.0296000356	0.0726030582
-3.4899797440	0.0313725509	0.0305014900	0.0285579777
-3.4599797726	0.0313725509	0.0314303978	0.0018404760
-3.4299798012	0.0313725509	0.0323875950	0.0313405205
-3.3999798298	0.0313725509	0.0333739431	0.0599687077
-3.3699798584	0.0352941193	0.0343903300	0.0262803310
-3.3399798870	0.0352941193	0.0354376705	0.0040508081
-3.3099799156	0.0352941193	0.0365169072	0.0334855274
-3.2799799442	0.0352941193	0.0376290115	0.0620503202
-3.2499799728	0.0392156877	0.0387749844	0.0113656599
-3.2199800014	0.0392156877	0.0399558573	0.0185246845
-3.1899800301	0.0392156877	0.0411726931	0.0475316365
-3.1599800587	0.0392156877	0.0424265871	0.0756813044
-3.1299800873	0.0431372561	0.0437186678	0.0132989356
-3.0999801159	0.0431372561	0.0450500982	0.0424603317
-3.0699801445	0.0431372561	0.0464220766	0.0707598791
-3.0399801731	0.0470588282	0.0478358379	0.0162432557
-3.0099802017	0.0470588282	0.0492926547	0.0453176341
-2.9799802303	0.0509803966	0.0507938380	0.0036728576
-2.9499802589	0.0509803966	0.0523407392	0.0259901303
-2.9199802876	0.0509803966	0.0539347505	0.0547764453
-2.8899803162	0.0549019650	0.0555773066	0.0121513915
-2.8599803448	0.0549019650	0.0572698859	0.0413467027
-2.8299803734	0.0588235334	0.0590140119	0.0032276834
-2.7999804020	0.0588235334	0.0608112544	0.0326867297
-2.7699804306	0.0627451017	0.0626632310	0.0013065196
-2.7399804592	0.0627451017	0.0645716087	0.0282865326
-2.7099804878	0.0627451017	0.0665381050	0.0570049787
-2.6799805164	0.0666666701	0.0685644900	0.0276793407
-2.6499805450	0.0666666701	0.0706525876	0.0564157320
-2.6199805737	0.0705882385	0.0728042771	0.0304383023
-2.5899806023	0.0745098069	0.0750214953	0.0068205570
-2.5599806309	0.0745098069	0.0773062378	0.0361734180
-2.5299806595	0.0784313753	0.0796605609	0.0154302908
-2.4999806881	0.0784313753	0.0820865839	0.0445286959
-2.4699807167	0.0823529437	0.0845864901	0.0264054741
-2.4399807453	0.0862745121	0.0871625297	0.0101880662
-2.4099807739	0.0862745121	0.0898170214	0.0394414023
-2.3799808025	0.0901960805	0.0925523543	0.0254588203
-2.3499808311	0.0941176564	0.0953709904	0.0131416691
-2.3199808598	0.0941176564	0.0982754666	0.0423077132
-2.2899808884	0.0980392247	0.1012683972	0.0318872677
-2.2599809170	0.1019607931	0.1043524761	0.0229192737
-2.2299809456	0.1058823615	0.1075304790	0.0153269801
-2.1999809742	0.1058823615	0.1108052665	0.0444284385
-2.1699810028	0.1098039299	0.1141797860	0.0383242622
-2.1399810314	0.1137254983	0.1176570748	0.0334155551
-2.1099810600	0.1176470667	0.1212402627	0.0296369862
-2.0799810886	0.1215686351	0.1249325748	0.0269260417
-2.0499811172	0.1254902035	0.1287373345	0.0252229161
-2.0199811459	0.1294117719	0.1326579662	0.0244704062
-1.9899811745	0.1333333403	0.1366979988	0.0246138098
-1.9599812031	0.1372549087	0.1408610687	0.0256008279
-1.9299812317	0.1411764771	0.1451509227	0.0273814699
-1.8999812603	0.1450980455	0.1495714221	0.0299079636
-1.8699812889	0.1490196139	0.1541265457	0.0331346672
-1.8399813175	0.1529411823	0.1588203932	0.0370179853
-1.8099813461	0.1568627506	0.1636571896	0.0415162877
-1.7799813747	0.1647058874	0.1686412882	0.0233359270
-1.7499814034	0.1686274558	0.1737771751	0.0296340372
-1.7199814320	0.1725490242	0.1790694728	0.0364129548
-1.6899814606	0.1803921610	0.1845229449	0.0223862886
-1.6599814892	0.1843137294	0.1901424998	0.0306547477
-1.6299815178	0.1882353127	0.1959331954	0.0392883026
-1.5999815464	0.1960784495	0.2019002437	0.0288350036
-1.5699815750	0.2000000179	0.2080490156	0.0386879876
-1.5399816036	0.2078431547	0.2143850453	0.0305146780
-1.5099816322	0.2156862915	0.2209140356	0.0236641558
-1.4799816608	0.2196078598	0.2276418631	0.0352922927
-1.4499816895	0.2274509966	0.2345745832	0.0303681094
-1.4199817181	0.2352941334	0.2417184359	0.0265776273
-1.3899817467	0.2431372702	0.2490798511	0.0238581358
-1.3599817753	0.2509804070	0.2566654546	0.0221496406
-1.3299818039	0.2549019754	0.2644820738	0.0362221086
-1.2999818325	0.2627451122	0.2725367443	0.0359277504
-1.2699818611	0.2705882490	0.2808367158	0.0364926174
-1.2399818897	0.2823529541	0.2893894588	0.0243149999
-1.2099819183	0.2901960909	0.2982026714	0.0268494592
-1.1799819469	0.2980392277	0.3072842860	0.0300863359
-1.1499819756	0.3058823645	0.3166424766	0.0339818973
-1.1199820042	0.3176470697	0.3262856664	0.0264755628
-1.0899820328	0.3254902065	0.3362225346	0.0319203119
-1.0599820614	0.3372549117	0.3464620253	0.0265746691
-1.0299820900	0.3450980484	0.3570133546	0.0333749593
The average relative error for exp is 0.0505327828
The max realtive error for exp is 1.0000000000
